# Created by Octave 3.8.1, Fri Mar 27 13:52:42 2015 IST <amit@amit-pc>
# name: a
# type: matrix
# rows: 1000
# columns: 1
 16.99641796893714
 15.70239325578469
 16.10612705869067
 15.21600518202646
 11.66190347440813
 16.28195889691056
 19.39369584497305
 16.65485955460644
 14.9955057445983
 12.4044418658412
 13.50162700413449
 17.32378609476128
 12.10382132891084
 15.08174001055145
 15.27002461464755
 19.90699108806452
 16.78538044468621
 20.51532937306223
 12.56750870279317
 15.55127882431021
 15.5193199625479
 14.09136929625076
 12.69751961275263
 20.4353309799859
 12.78432325651712
 14.09046560701617
 12.15256441832306
 16.32857263445222
 19.6991833377898
 13.87028583098143
 17.43155805010034
 13.95342206513032
 14.38171150124213
 15.3546813319363
 11.31714804107054
 22.59437815391389
 20.13601265886994
 16.03717972996078
 17.20543455621981
 20.24030956657677
 21.26013357757522
 14.84085188271615
 16.79863409454736
 10.62481477045567
 12.57007846184096
 11.46062206824799
 18.36267841666818
 20.68701312431737
 14.42249613860364
 12.76192391666583
 15.66626413118795
 18.77799491902443
 11.39814859782884
 14.72339911302861
 16.77160793278424
 20.5379397925038
 12.02728054830149
 15.76469789984655
 10.38416988567557
 12.23471053856116
 16.18306950329292
 12.18464640283063
 18.12973131956632
 14.16566742271256
 23.08000141807347
 15.67727421990573
 8.559842245258277
 16.23746703168548
 17.08166062646217
 25.66321518592822
 15.29190038772979
 16.50716742594307
 12.32261647794077
 17.88738472757778
 18.43770375268563
 16.68803118503003
 19.13717745152226
 13.501750899065
 12.84301882308022
 13.35608561915883
 14.17622633645137
 17.7393737564274
 16.51555388787594
 15.19085419598421
 13.42743544242891
 15.59540205106265
 15.84225291974621
 18.03160555855767
 16.77795426036073
 20.78751984062873
 12.19268873040293
 14.83256014890175
 10.49704777518564
 13.84719172146687
 13.34559214499443
 17.5471248295862
 17.99946009074583
 14.94910971609065
 11.72128329269303
 9.876040504815688
 9.039331715178738
 11.24761255182769
 11.76477684963908
 13.9028271617605
 12.49813369079543
 16.73452946483289
 8.642230902138881
 17.9122256381421
 14.33339054598411
 14.91030928463868
 18.3778429987324
 16.75687539138077
 14.87740274460293
 20.41964435373308
 18.75466611843125
 16.09751234195339
 13.65280321402287
 16.09566952914163
 16.71352331675197
 18.42125926477186
 14.30813183915949
 7.6384698393873
 9.073144025299703
 18.85268378798439
 8.996846939523714
 10.90034376317855
 6.913539381653909
 16.78066501555012
 13.00821696556932
 15.42032008938112
 13.43111361919026
 20.26244670043164
 13.55607164681418
 16.23265321836467
 19.2402783616656
 22.67503671063804
 10.04620775568869
 15.70120154716763
 14.53892614278135
 11.95638131189507
 18.20221960380765
 21.42449890478202
 15.78948432586964
 13.76963447367475
 14.6603719012943
 11.61047957271409
 14.22981381750448
 15.80197659473775
 16.35440529547086
 15.44351635525968
 20.10535385005201
 10.91380014943633
 9.545530676649161
 13.23943874259063
 16.73405975018289
 17.77188998852607
 12.87059145911756
 3.464173595272692
 12.89189462882887
 14.57420171042076
 12.36030394259716
 11.42307077076638
 12.00150451581458
 13.67442283385904
 12.70927036289475
 9.926190845841473
 16.89154555754928
 12.69275354510686
 14.30339804141819
 20.7391074805872
 15.6939291893442
 7.111574981683842
 15.88067752820289
 14.90934097450187
 17.30288948801558
 17.91831732679563
 17.68568458080246
 15.04555982782941
 19.32718090748908
 20.90654663099905
 19.10486187265091
 17.63022783096398
 11.68279102151028
 17.0045283554299
 16.35163854288696
 11.77514408517331
 15.93507484155532
 20.31451184139967
 15.4340463425498
 13.29196463597069
 14.4079813542487
 13.71533670508104
 11.90405531210584
 14.47296721553879
 9.911799144012688
 19.37329738481565
 15.45171972871115
 14.85367564111912
 19.92769406341409
 20.63991615924069
 19.64563937887014
 17.20709873891531
 18.19084988314917
 10.52147999582315
 13.8592709988863
 9.951617185427491
 14.00690983313656
 17.12972507846272
 12.03405656658806
 13.64878757930119
 13.849886780508
 14.74501394441189
 17.40134520612704
 13.78722844460848
 19.07516916127576
 16.40503914946575
 16.72693896199733
 18.40414063484517
 14.83066892880709
 13.11230602136275
 15.03301577278939
 14.47285126939242
 12.62475501232523
 15.49209939260489
 12.28577534309994
 15.10194029416442
 19.36493932546102
 14.95613149304941
 16.45003645490788
 16.39895687038839
 20.78997208379145
 17.79002224417118
 14.85955695881607
 5.919589496278371
 17.23179571805942
 22.32361144575876
 20.50745532428786
 14.13660392187795
 8.931134926169426
 16.04590093526143
 16.38321594992381
 16.5790232739008
 19.21762226554881
 11.13789609040662
 14.19830145492876
 14.84241080112264
 7.446422178841669
 13.15250988469871
 14.49339378215354
 16.43910664443055
 18.42601992900725
 15.11018132952928
 14.92896032268125
 15.68441743618079
 16.22824233536242
 19.56122895327173
 11.73607818716689
 15.89786427644633
 14.67662053141385
 13.26329919591578
 19.80862041217086
 13.18549357294465
 9.884800538149232
 16.94701086321254
 13.95810578825686
 16.00382420097012
 18.94364688294679
 21.37309982246694
 17.70043754451575
 13.13810313585793
 17.93254434712745
 15.56310127002562
 15.23837438086012
 9.815905522678557
 13.77068811538681
 10.27360892133847
 15.51430990427308
 14.28092174340765
 19.95838079164639
 16.38481633343424
 15.88344420913953
 20.46436943603396
 15.20373682738053
 14.9176827815837
 15.17735294759674
 14.53891736065409
 17.58987757896977
 17.82838652111714
 10.98810689789639
 14.26402083936998
 19.67665583441822
 12.52558013914383
 17.09532863309146
 15.61803106852476
 20.62055425899219
 14.44402472991308
 10.73634964162705
 15.99494688348599
 12.47568717955748
 18.40626072283717
 14.32569726277513
 13.90307402238718
 12.31077564607146
 16.82664918708917
 18.12230133792907
 17.266837469505
 19.90271656979104
 13.81274584314603
 19.59196215666103
 15.21575236200441
 13.13633002057204
 13.34019753333762
 15.43452687727673
 14.85455791703457
 20.03523899444849
 11.4346770809657
 14.01103199311222
 15.18871932319037
 15.79934715161927
 7.183000181315273
 17.36595308380002
 10.09022668502219
 12.20737945992545
 18.12660320781148
 10.69634291994267
 14.97426145920275
 17.33081808323989
 11.51986507388747
 17.72165178219801
 11.27243385892971
 15.12355593850685
 13.27585637596047
 17.38240553846942
 16.0476173818938
 4.544778879509662
 23.68318656904997
 18.79543545264168
 11.4247172111174
 16.00218134146428
 19.11068387111028
 18.04972138073508
 15.72645932687555
 12.49043219233914
 16.31519295802979
 19.81281918806978
 12.44170285677536
 15.54694108726224
 11.57623913717107
 16.21565813483097
 12.276963732532
 17.094560077617
 16.94132254735374
 14.83871988406803
 16.61387007573341
 15.05151577253354
 14.06380425352353
 10.31394394460066
 16.69719144902682
 16.21083276625307
 14.38228471190738
 21.59531124789712
 22.10722258380907
 17.4726649568894
 15.96656551033299
 11.91324130955392
 18.72054073380011
 18.68289631765625
 12.00991857113748
 19.60851359952879
 18.41614324580719
 15.22264926563503
 15.23088086055969
 13.03976858629277
 10.67745991003368
 14.18651447562469
 14.36572153883289
 18.11768812119092
 11.70186504158179
 17.68776340251508
 17.11661242383521
 14.35177499956246
 16.73296688303417
 10.8477962201829
 17.35858246871761
 9.519045062068287
 15.517360289605
 10.63826563200954
 16.24931339401887
 17.06737770902024
 16.02366875311533
 17.48025586298973
 19.94370956747866
 14.49473975757342
 14.08485901789518
 12.87806590264614
 16.98776035219895
 15.36464219805912
 14.42230240905228
 16.1138161210178
 18.19055011949657
 11.98900615023012
 14.3666008591869
 8.21228678562291
 18.40633093574615
 8.732831258894176
 14.62001314897335
 18.90160393476198
 20.13278386076404
 11.84523600420713
 15.68302733883083
 18.02428654866229
 13.74409819794603
 23.58352705766518
 15.74829155055581
 15.48374671349165
 15.12248930417499
 11.59391986730579
 16.32251853889065
 21.35675878948141
 15.01726482041844
 14.88988113000554
 9.590705211895157
 15.44841154292911
 15.57670776249356
 13.98059801569675
 7.714308799780929
 16.63577129683906
 19.52294474827521
 16.25855537665804
 14.15357482853424
 18.07007359677973
 14.31353504682942
 16.44087802423411
 16.57716213722171
 14.64856071145168
 9.610482767510998
 15.58106684415551
 9.338001027507236
 18.20823548858468
 16.92287955400866
 12.21888756488471
 16.44559476913461
 17.98560728929478
 16.97105614843568
 22.75636105773598
 17.73525282491977
 15.81828996327727
 13.21959465175274
 16.22196581042493
 12.46442046646441
 17.47925181619827
 16.64100833441423
 19.58748851410014
 15.0614053921952
 18.28325786236962
 13.48101504006078
 12.36442601735079
 9.571517905000301
 13.41853425402624
 13.47880412677518
 15.80943811205826
 15.71378055276526
 9.461541460694805
 20.79936914532393
 14.46066392314315
 13.84894967188781
 13.97979202037556
 20.97591093329627
 9.630596304646364
 11.32656300522279
 14.98805749535986
 11.28437614107599
 8.949567017879811
 15.78577435308019
 15.7617270308575
 12.66577646938075
 19.12568717691239
 19.45119105681881
 11.5176510887384
 14.83773441501716
 14.52435321360045
 15.89044053517663
 17.71831671411026
 16.38792258253131
 14.41121637678165
 13.87541887124365
 15.04361295471139
 16.02815886060619
 13.44509851839016
 13.29300783940664
 11.92962782664475
 10.53506579991152
 18.35194059818962
 14.511432392602
 13.73722506315195
 10.85613412881343
 18.62459742484091
 12.09752942735728
 12.85818647453964
 16.29629598773565
 16.40826268831336
 17.02893628906349
 17.88252490205335
 13.76201307517138
 9.264324373950545
 13.72598228831598
 14.50196921540291
 14.9003689651386
 20.35996930040156
 17.0070581013289
 14.50763248745936
 13.77133939099832
 16.1074128596633
 12.62040189257363
 9.076382606394287
 17.4115460462456
 22.30362007517858
 19.09222256996446
 14.91457404870011
 11.24235137684713
 10.6529215260819
 14.82358952255338
 13.49480042561612
 17.62486179286936
 17.02819331599851
 17.37478842304214
 15.1015504942245
 12.44228367143458
 13.92900888888766
 12.78542641541751
 11.3444900232445
 14.5306498750024
 10.04268514099877
 19.52577945106454
 13.85415095347344
 16.22507911628713
 18.77278036882031
 13.63179882751924
 17.62450766689231
 15.59158533455964
 12.66578515751501
 12.39452474426288
 12.518182647817
 19.1799039904331
 19.24611361806219
 16.20804562472229
 21.67347269421313
 18.12606441950924
 13.0675509546181
 14.07623847841107
 14.37701745953836
 15.17197139350806
 16.83414851832009
 9.883950038732294
 13.48353852203512
 17.28634138608461
 16.42416594391119
 17.24011460950312
 12.59054868654817
 14.81362507935335
 19.10894168558085
 12.90365272129928
 15.89524786952108
 15.02252165659622
 16.2491878943276
 14.07081887252435
 17.37312315567211
 13.27738125076907
 11.1185423286985
 21.13573936511655
 21.03989346043392
 12.15341924991341
 15.51805016246155
 11.82833287901965
 15.71555494371214
 12.29548311071292
 13.51117944260268
 12.50118041128768
 9.26270406172636
 13.72799556308917
 11.86906135228404
 12.00264979006507
 15.43953748311194
 18.80691144326256
 12.92409798105995
 13.0991063506334
 15.78491426861991
 12.70231213573575
 16.59213976685589
 12.93085114837374
 17.28071891811987
 13.63294505924821
 14.30855138065745
 19.01339597522079
 17.03343892005471
 19.3343181686069
 11.62117579969627
 20.6966141708068
 19.19867328546307
 12.1029647200073
 14.01173867840103
 16.89376269321732
 19.4390625199377
 11.34041081209451
 11.33164916386693
 13.48512751095749
 7.791601545923217
 12.63949214554731
 8.738928476830459
 17.94780288883928
 19.16069874588272
 16.0361240182202
 10.14095210017827
 17.42154935655872
 14.27002331087841
 8.230996998044603
 15.97089343933216
 10.99928101675043
 17.67764082662939
 10.33240144429501
 14.62637365166622
 13.01795193544542
 12.40301694546738
 13.62800533116015
 17.1572152324838
 11.00719618270393
 15.22261802075553
 14.87137328114918
 17.4533868038282
 16.92980428221513
 21.69943964003023
 12.41621672232529
 12.66655524728589
 8.81697179611394
 16.52877991180205
 9.813280362443521
 15.64496662086441
 11.01974444153174
 15.83396516809747
 15.45746422154876
 14.32099540876516
 17.65125616945023
 11.80191599932267
 23.43380960796229
 16.38495190699666
 16.09886706307889
 13.78151647500147
 15.12187215527439
 13.0870288239184
 18.28478158692237
 15.68847503516817
 22.3677496074131
 16.33286968295159
 12.84192039193701
 12.16196370733036
 10.01326148588998
 15.62535293641964
 10.0694103612342
 15.15844475952029
 21.40168469523408
 8.731525908283542
 15.57465713416723
 21.7471572153861
 19.43158480399654
 12.6530933450154
 11.67089061321188
 19.17416360744323
 14.62923492181314
 18.68910108495293
 17.12632207844526
 18.59800874220132
 16.38408274696401
 11.29916222012621
 19.16473163319081
 18.96212783288119
 15.35499396240128
 15.68161134959471
 17.23839930770914
 13.57151498834885
 19.61734395893397
 18.17161618720398
 14.26156969175096
 14.6825643107371
 15.49888676117857
 15.50552097879264
 14.50923174964734
 16.42420527083018
 13.57430149695575
 13.60023732770636
 13.49478181065825
 15.43896023047451
 11.64420332074817
 16.0160554545877
 17.23875444243255
 16.78481479828246
 12.44876515828196
 14.85238391537183
 19.30319373734528
 15.29942034147511
 13.01168853952386
 18.29853437515515
 11.26448226532262
 9.570679608041086
 16.64975782152381
 9.87465929195815
 18.34490508352598
 8.333912289323077
 16.67939683037253
 14.74466723734389
 9.627259002265285
 15.61112333024845
 12.29014364025705
 14.46738685838934
 16.75073623135776
 11.93153506900195
 15.69963283826374
 14.11329232839071
 12.75522050705666
 14.97231340350228
 11.17388418454071
 15.94564436713077
 13.79651396146045
 15.91986143607111
 16.66108500818943
 9.904512317220735
 14.70770900715461
 16.6597874959929
 11.73227295149165
 16.64034405064383
 14.44868938785686
 14.30157010848301
 15.37861656768574
 16.65883608119991
 11.30801343134178
 17.04246881896091
 14.14297686020613
 11.96180538693804
 14.25591912024307
 15.27259654811355
 15.15180314203153
 16.21888575506497
 10.10485580581451
 17.06116673826216
 15.78611040039083
 18.5581587549922
 9.938376765245867
 10.26956508887436
 13.23808793340695
 9.415109017760438
 12.52061265829605
 14.59083110843089
 18.27141938727153
 13.66407893277307
 18.09862634045266
 15.87039784568068
 19.64115776202774
 11.18883063041721
 13.38172723151673
 11.6547867851118
 16.95250491329342
 15.13550082004013
 17.04890782578801
 17.68842908266178
 10.9415200719073
 13.89781774856309
 15.17134802696057
 13.81813764424014
 11.59978719995435
 15.73175620135054
 13.52158585187562
 11.26092979099216
 12.11834623352242
 17.72064216881633
 14.33496176511925
 13.35573505109005
 12.25113599475951
 13.50418010399564
 17.15302829338657
 12.98211139120817
 17.58098914204417
 12.70794499216143
 16.10687761322083
 14.13411413133771
 15.04642268016021
 19.11988739493737
 12.45906564449598
 15.6910464131175
 14.43686716734128
 14.73748186346191
 18.93799360748889
 13.00949689463901
 17.52215288861373
 17.64080154070334
 7.467066426302847
 15.28924536763315
 15.28417378231724
 11.57898571067557
 16.30402730689163
 14.12426046118559
 12.68880947468179
 13.51097471497978
 12.64468742269414
 11.3152884946959
 11.25335944880594
 16.6012435526886
 9.449449337012878
 7.389946222116986
 12.92012058407408
 15.94396512362732
 20.57826884422332
 14.98198216135351
 15.92686897611966
 13.46870962820161
 21.91446332145127
 14.94815940069922
 19.32294875414173
 19.02681962984482
 15.33794482921004
 7.037140987122449
 9.986013885148289
 11.66679378625909
 19.72601634398953
 14.17034443984588
 14.53885451960091
 15.40226465576793
 13.52310603608533
 16.64078078371676
 11.40261288116905
 16.75991051516336
 13.33060368886277
 13.30382621158345
 15.58562017411387
 14.06149456290293
 13.68961784880088
 12.8365375742896
 20.28909645659414
 15.68836787945047
 12.15267109390854
 10.6894895875258
 19.98270973924841
 9.049913291369645
 20.81001254724007
 15.01263244262584
 16.98751570240641
 12.27875139390184
 13.67376322434962
 19.26026295100025
 16.83987904428558
 11.98415689879756
 11.37584883235706
 18.8905585001335
 22.61499914841456
 14.66437969795033
 11.7411011818064
 16.113948635169
 13.00233910277657
 13.47589835959547
 16.16293130002551
 23.40252356073551
 13.52227471860528
 14.66580502060257
 12.80694474989994
 14.88478330035392
 18.80119302927503
 15.33456832243859
 12.63643715478104
 12.36938082965205
 13.31516766476903
 8.391383668431452
 17.85188355481703
 18.47602228866376
 10.14802790997927
 14.83202515003917
 16.9947021187651
 17.67046585740459
 14.45100985583608
 18.77188342675848
 15.74663174070184
 12.05187213244352
 8.349089204755401
 18.98073302768883
 12.06455524739634
 19.8818953685144
 15.86867144986485
 10.87274514915306
 13.97170001262235
 9.987439725108302
 15.50081158694269
 16.12023636334683
 12.08805575877675
 13.2809543995733
 15.76117827392993
 13.22764273294896
 20.10035866142774
 13.56475341943774
 22.8350816215907
 16.81382978802173
 14.03036593155809
 12.80055897136089
 12.62213347904003
 18.2891308332211
 17.01868706864508
 13.22020859768366
 14.61685548162369
 12.17501256029664
 11.67143175686657
 16.81195657216946
 17.49270010360875
 15.57808405619629
 16.88257569166264
 16.08194389223906
 12.02261952375428
 18.25608559754022
 17.20979945419382
 13.90355976086778
 11.35339900865787
 12.51491766847228
 13.94507826346408
 16.09354695960224
 13.55684284452915
 14.46984786348425
 13.42290100165773
 18.55519303285201
 15.42391652350086
 14.08150944701343
 17.53602511187331
 12.42053681628216
 13.26443954362814
 13.53676904268773
 21.84172815876412
 12.47158664049974
 17.27760666066116
 11.0675462548951
 10.60923110630193
 18.97599583497448
 14.26331144651971
 14.24491971341451
 13.23905441972725
 17.77092657231433
 19.04276416258384
 19.69849182796113
 11.84097697686092
 19.71928478376861
 10.8045666046339
 12.95244163445859
 10.20927167991198
 11.51323791482855
 21.09929648460167
 14.91012115081918
 16.53440540077731
 18.55617416426073
 19.93249096050992
 14.70153509779964
 21.76802846658741
 18.66477506302205
 13.86917474938821
 12.35091697624143
 19.30397414186686
 19.91592032845884
 15.73708638089249
 17.40697866170365
 16.64807387467144
 19.00008259511097
 16.98403389947227
 20.54081124610156
 17.65787361058059
 15.87125226086058
 11.41255139500163
 16.93323216322023
 9.734011710639702
 10.84316608386115
 11.95557344824053
 15.87300719277985
 15.71928316007468
 16.98525761665897
 12.93414889943898
 14.68126428989632
 16.3793286230617
 14.94992757390154
 12.77340105699399
 15.17867688618754
 13.8070800999089
 10.57290213474182
 19.71779591118834
 14.95717831027996
 14.80958420103573
 8.321235661903597
 17.53444940231579
 7.595674648609111
 11.01828302459997
 14.71637433159782
 19.86220377889628
 16.85196671035385
 19.01028655989709
 17.71734271863925
 17.51411297101565
 8.480701825940256
 7.163231611851625
 17.59595528467265
 15.5895645210032


